C, 0312

Acerca de este libro

Ε513 65 11113 601113 digital de un libro que, durante generacioneS‚ se 113 601156151300 611 135 651311161135 06 11113 biblioteca, hasta que Google 113 06610100
65631163110 601110 113116 06 1111 1110516610 (1116 1116161106 que sea posible deseubrir en linea libros de todo 61 mundo,

Η3 50111651151100 1311105 31105 601110 11313 (1116 105 061661105 06 311101 11351311 6111111300 y 61 111110 11356 3 561 (16 0011111110 1111111160. El (1116 1111 111110 563 (16
0011111110 1111111160 significa que 11111163 113 651300 protegido por 061661105 06 311101, 0 111611 (1116 61 11611000 legal 06 65105 061661105 513 113 6111111300. Ε5
110511116 (1116 11113 111151113 01113 563 06 0011111110 1111111160 611 111105 1131565 51, 5111 6110131ἓο, 110 10 563 611 01105. Los 1111105 06 0011111110 1111111160 5011 1111651135
111161135 113613 61 1135300, 51111011611 1111 11311111101110 1115101160, 6111111131 51 06 60110611111611105 (1116, 3 1116111100, 16511113 0111611 06 06561111111.

Το035 135 3110136101165, 11131635 51 01135 56113165 611 105 11131ἓ61165 (1116 651611 presentes en 61 510111111611 original 31131666131113111111611 611 6516 316111νο 601110
1651111101110 061 131ἓο 511316 (1116 61 111110 113 166011100 06506 61 601101 11351313 111111101663 51, 11113111161116, 113513 115160.

Νο111135 06 1150

Google 56 enorgulleee de 110061 6013110131 6011 0151111135 1111111016635 11313 01ἓ11311Ζ31 105 111316113165 06 0011111110 1111111160 3 fin de 113661105 36665111165
3 1000 61 mundo, Los libros de dominio 1111111160 5011 11311111101110 06 10005, 110501105 5011105 5115 111111111065 ζ(9111310131165. No obstante, 56 11313 06 1111
11311310 6310. Ρο1 6516 111011510, 51 11313 110061 0116661 6516 16611150, 11611105 10111300 111601035 11313 6511131 (1116 56 1110011Ζ63 1111 3111150 1101 113116 06 16166105
6011 111165 6011161613165, 51 11611105 1116111100 16511166101165 166111635 501116 135 501161111065 31110111311Ζ3035.

Α51111151110, 16 1160111105 (1116;

-ι- Hagcz un 050 exclusivamente no comerciczl 00 05105 0101111105 Η611105 015611300 13 131151111603 06 1111105 06 Google 11313 61 1150 06 11311161113165;
601110 131, 16 1160111105 (1116 11111166 65105 3161115105 6011 fines 116150113165, 51 110 6011161613165.

-ι- Νο 01111ίο 5011000005 001001οϊ1ῑο005 Ρο1 135101, 110 6115116 501161111065 31110111311Ζ3035 06 ningsln tipo 31 515161113 06 Google. Si 6513 1165131100 3
63110 11113 111516511ἓ361011 501116 113011661011 3111011131163, 166011061111161110 0111160 06 6313616165 11 01105 631111105 11313 105 (1116 16511116 11111 0151111131
06 366650 3 11113 gran 631111030 06 16Χ10, 1101 135101, 61151161105 1111 1116115316. Fomentamos el uso 06 111316113165 06 0011111110 1111111160 6011 65105
111011051105 51 seguro que 11001611105 3511103116.

-ι- 000501νο 10 atributa-idn La filigrana de Google que 51613 61110005 105 3161115105 65 11111031116111311131311110111131 3105 1151131105 501116 6516 1110516610
51 35111031165 3 61160111131 111316113165 301610113165 611 13 131151111603 06 1111105 06 Google. Ρο1 135101, 110 13 6111111116.

-ι- Mante‘ngczse siempre dentro 0’0 10 [08011000 Sea 61131 563 61 1150 (1116 haga de 65105 111316113165, 166116106 (1116 65 16511011531116 06 asegurarse 06
(1116 1000 10 (1116 11366 65 legal. No de 1101 56111300 (1116, 1101 61 1166110 06 (1116 11113 01113 56 6011510616 06 0011111110 1111111160 11313 105 1151131105 06
105 Ε513005 11111005, 10 5613 13111111611 11313 105 1151131105 06 01105 1131565. La legislaeic‘m sobre 061661105 06 311101 513113 06 1111 11315 3 0110, 51 110
1100611105 136111131 111101111361011 501116 51 6513 116111111100 1111 1150 65116611160 06 31111111111110. Por favor, no suponga que 13 31131161011 06 1111 111110 611
111165110 111οἓ131113 significa que se puede 111111Ζ31 06 igual manera en todo el mundo, La 165110115311111030 31116 13 111113661011 06 105 061661105 06
311101 1111606 561 1111151 grave.

Acerca de 13 Β1151111603 06 1111105 06 Google

Ε1 0111611510 06 Google consiste en 01ἓ3111Ζ31111101111361011 111066061116 06 1000 61 mundo 51 11366113 3666511116 51 11111 06 1011113 111115161531. El 1110 grama de
131151111603 06 1111105 06 Google 3511103 3 105 16610165 3 06561111111105 1111105 06 1000 61 mundo 3 13 516Ζ (1116 3511103 3 31110165 51 60110165 3 llegar 3 111165135

311016116135. Ρο013 16311Ζ31 1111511116035 611 61 texto 60111111610 06 6516 111110 611 13 5151611, 611 13 pagina—

